a1 2 111 11111111111 1
a2 2 222 22222222222 1
a3 2 333 33333333333 1
a4 2 444 44444444444 1
a5 2 555 55555555555 1
a6 3 666 66666666666 1
a7 4 777 77777777777 1
a8 4 888 88888888888 1
a9 2 999 99999999999 1
a10 2 111 10101010101 1
a11 2 111 12121212121 1
a12 2 121 12121212121 1
a13 2 131 13131313131 1
a14 2 141 14141414141 1
a15 2 151 15151515151 1
a16 2 161 11223344556 1
a17 5 171 12345678901 1
a18 2 181 12467532111 1
a19 2 191 46893892033 1
a20 2 2020 28945381682 1
a21 2 2121 89784389332 1
a22 3 2222 45236564573 1
4 2 5674 98368782985 1
a24 4 566 24253264666 1
a25 5 3634 43653748645 1
a26 4 009 43362656654 1
a27 2 278 22498794443 1
a28 1 112 77889912231 1
a29 1 7766 14354544544 1
a30 1 233 11225454532 1