7839 Q020 1 1 0 5.000000 0 7839 jhr 1 -1
6164 J020 0 0 0 12.000000 0 6164 a1 1 -1
6615 J021 0 0 0 2.000000 0 6615 a2 1 -1
6719 Z020 2 0 0 23.000000 0 6719 a2 7 -1
6762 E020 1 0 0 22.000000 0 6762 a2 1 -1
6873 E021 1 0 0 24.000000 0 6873 a3 1 -1
6948 P020 2 1 0 5.000000 0 6948 a1 1 -1
6987 R020 2 1 0 5.000000 0 6987 a11 1 -1
7180 P021 2 1 0 5.000000 0 7180 a7 1 -1
7216 R021 2 1 0 5.000000 0 7216 a13 1 -1
7314 P022 1 1 0 5.000000 0 7314 a14 1 -1
7382 P023 2 1 0 5.000000 0 7382 a15 1 -1
7415 R024 2 1 0 5.000000 0 7415 a16 1 -1
8496 P025 2 1 0 5.000000 0 8496 a18 1 -1
8528 R026 2 1 0 5.000000 0 8528 a19 1 -1
8600 P027 2 1 0 5.000000 0 8600 a22 1 -1
8672 P028 2 1 0 5.000000 0 8672 a24 1 -1
8721 R029 2 1 0 5.000000 0 8721 a25 1 -1
9799 O030 2 1 0 5.000000 0 9799 a30 1 -1
9841 P031 2 1 0 5.000000 0 9841 a30 1 -1
9991 O032 2 1 0 5.000000 0 9991 a30 1 -1
24 P033 2 1 0 5.000000 0 24 a30 1 -1
44 Q034 2 1 0 5.000000 0 44 a30 1 -1
70 R035 2 1 0 5.000000 0 70 a30 1 -1
99 S036 2 1 0 5.000000 0 99 a30 1 -1
1412 O037 2 1 0 5.000000 0 1412 a30 1 -1
1451 P038 2 1 0 5.000000 0 1451 a30 1 -1
1474 Q039 2 1 0 5.000000 0 1474 a30 1 -1
1493 R040 2 1 0 5.000000 0 1493 a30 1 -1
1562 O041 2 1 0 5.000000 0 1562 a30 1 -1
1582 P042 2 1 0 5.000000 0 1582 a30 1 -1
1598 Q043 2 1 0 5.000000 0 1598 a30 1 -1
1624 R044 2 1 0 5.000000 0 1624 a30 1 -1
1650 S045 2 1 0 5.000000 0 1650 a30 1 -1